| Meteobike No | Average Measurements per Second |
| --- | --- |
| 01 |           NaN |
| 02 |       12.6985 |
| 03 |       13.2007 |
| 04 |       8.15354 |
| 05 |       8.12720 |
| 06 |       16.7117 |
| 07 |       8.12847 |
| 08 |       8.14728 |
| 09 |       8.42907 |
| 10 |       9.92829 |
| 11 |       8.15009 |
| 12 |       8.53850 |
| 13 |       8.19500 |
| 14 |       8.04470 |
| 15 |       8.14775 |
| 16 |       8.20219 |
| 17 |       8.34953 |
| 18 |       8.18891 |
| 19 |       8.12562 |
| 20 |       8.09370 |
| 21 |       8.10583 |
| 22 |       16.2731 |
| 23 |       8.08077 |
| 24 |       8.09299 |
| 25 |       8.11926 |
| 26 |       8.14971 |
| 27 |       8.10590 |
| 28 |       8.16066 |
| 29 |       8.12029 |
| 30 |       8.12197 |
| 31 |       8.08422 |
| 32 |       8.14070 |
| 33 |           NaN |
| 34 |       8.13773 |
| 35 |       8.13419 |
